9,7,144~9,8,144
7,1,107~7,1,110
4,3,134~6,3,134
6,2,25~6,4,25
1,2,127~1,4,127
4,5,143~7,5,143
4,2,34~4,2,35
8,3,114~9,3,114
2,5,44~2,7,44
9,9,7~9,9,9
9,5,43~9,7,43
6,9,126~7,9,126
9,7,110~9,9,110
1,2,146~1,5,146
2,6,26~4,6,26
8,0,4~8,0,6
5,4,148~5,5,148
2,1,81~4,1,81
9,4,50~9,7,50
2,6,30~2,8,30
1,5,8~1,9,8
5,9,48~7,9,48
8,6,118~8,6,118
0,2,86~0,5,86
4,2,91~4,2,94
3,4,69~3,6,69
4,5,154~4,6,154
4,6,46~5,6,46
0,6,3~3,6,3
1,4,132~2,4,132
9,8,6~9,9,6
5,4,156~5,5,156
1,3,126~1,5,126
5,1,41~5,1,42
5,7,11~8,7,11
1,1,40~3,1,40
1,0,49~4,0,49
5,1,27~8,1,27
9,3,122~9,5,122
9,4,104~9,5,104
6,4,116~9,4,116
9,0,130~9,2,130
9,7,53~9,8,53
9,1,131~9,2,131
3,7,31~3,9,31
4,7,148~4,9,148
4,2,168~4,3,168
8,0,130~8,0,132
6,1,43~7,1,43
0,2,51~0,6,51
0,1,81~0,4,81
4,4,164~7,4,164
1,2,20~1,4,20
0,8,23~2,8,23
9,6,108~9,8,108
3,8,68~3,8,70
7,7,121~7,9,121
2,4,63~2,6,63
8,6,145~8,8,145
3,3,19~5,3,19
7,3,4~9,3,4
1,8,44~2,8,44
4,9,142~7,9,142
3,2,138~5,2,138
1,4,1~1,4,1
0,1,19~0,1,22
4,2,116~4,3,116
7,2,41~7,2,43
4,9,50~7,9,50
8,2,121~8,4,121
0,0,78~0,0,79
8,2,10~8,4,10
8,0,63~8,0,65
5,1,98~7,1,98
7,2,151~9,2,151
1,9,91~4,9,91
2,4,14~4,4,14
6,6,169~6,8,169
4,1,56~6,1,56
9,6,109~9,8,109
8,3,134~8,4,134
5,4,154~5,5,154
6,3,129~8,3,129
8,6,40~8,8,40
6,7,94~6,7,96
5,2,3~7,2,3
0,1,58~2,1,58
1,3,167~1,3,168
5,2,27~7,2,27
3,4,66~5,4,66
8,5,152~9,5,152
0,2,129~0,2,131
2,9,147~2,9,149
4,0,130~7,0,130
3,5,13~5,5,13
9,6,122~9,6,123
4,7,62~4,8,62
4,2,142~4,2,142
9,0,60~9,1,60
1,7,67~1,9,67
3,3,65~3,5,65
9,0,50~9,1,50
1,4,115~1,4,118
9,1,100~9,2,100
2,7,107~2,9,107
3,1,16~3,4,16
0,1,61~1,1,61
1,2,121~3,2,121
8,9,85~9,9,85
2,1,24~4,1,24
1,1,22~1,2,22
5,6,121~5,7,121
8,5,22~8,7,22
7,1,40~7,3,40
5,4,61~5,6,61
0,2,58~1,2,58
9,1,146~9,1,149
2,6,22~2,9,22
3,6,24~7,6,24
0,8,91~0,9,91
8,3,98~8,5,98
4,3,66~8,3,66
8,4,102~8,5,102
4,2,16~4,4,16
0,5,160~2,5,160
0,0,54~0,3,54
7,8,146~9,8,146
5,4,55~6,4,55
4,3,128~6,3,128
5,0,86~5,0,86
4,5,157~6,5,157
0,5,27~2,5,27
4,4,147~6,4,147
1,6,20~3,6,20
0,6,46~0,6,49
0,8,89~1,8,89
3,5,14~3,6,14
6,2,30~6,5,30
2,5,62~2,7,62
8,5,81~8,7,81
5,3,135~5,5,135
6,2,72~6,2,73
6,3,27~6,6,27
1,5,22~2,5,22
3,5,151~3,8,151
2,1,146~5,1,146
5,5,40~5,8,40
3,0,130~3,2,130
7,2,105~7,4,105
0,0,10~0,3,10
4,9,17~7,9,17
2,8,78~2,8,78
4,6,106~4,9,106
5,4,145~5,6,145
1,6,112~1,7,112
0,4,114~3,4,114
4,2,22~7,2,22
9,5,29~9,7,29
5,5,56~8,5,56
6,3,41~9,3,41
0,0,53~0,2,53
8,2,112~9,2,112
9,1,7~9,2,7
9,2,148~9,5,148
5,4,149~5,7,149
2,6,45~5,6,45
5,0,71~5,2,71
4,9,61~4,9,63
0,4,144~3,4,144
6,7,147~6,9,147
0,1,23~2,1,23
4,8,75~7,8,75
0,2,59~0,4,59
7,2,96~7,3,96
1,6,9~1,7,9
5,7,16~5,9,16
1,6,68~1,6,70
1,8,158~3,8,158
2,7,15~5,7,15
8,2,85~8,4,85
2,2,136~2,5,136
6,8,124~9,8,124
6,7,110~6,9,110
3,3,30~3,5,30
1,0,155~3,0,155
0,5,67~2,5,67
6,1,103~8,1,103
3,6,46~3,7,46
4,5,25~6,5,25
7,6,59~9,6,59
1,5,156~4,5,156
6,2,26~8,2,26
5,0,8~7,0,8
6,5,76~8,5,76
6,2,23~6,3,23
7,3,120~7,3,123
0,6,111~2,6,111
4,2,44~6,2,44
4,5,164~5,5,164
8,0,32~9,0,32
2,7,139~4,7,139
2,4,46~2,6,46
6,1,47~9,1,47
5,4,59~7,4,59
6,4,74~6,6,74
5,1,30~8,1,30
5,3,67~5,4,67
3,2,161~3,5,161
9,5,44~9,8,44
5,4,68~5,6,68
9,0,120~9,2,120
1,7,10~1,9,10
4,1,131~6,1,131
2,7,165~4,7,165
7,3,42~7,3,45
2,7,73~4,7,73
0,4,82~0,4,84
3,6,152~3,6,154
6,6,56~8,6,56
8,5,27~8,7,27
7,0,102~7,2,102
5,3,167~7,3,167
5,5,136~5,7,136
3,2,120~3,4,120
6,5,145~7,5,145
7,5,20~7,6,20
6,1,162~8,1,162
2,0,47~5,0,47
6,3,42~6,5,42
4,9,118~6,9,118
0,1,26~0,2,26
1,1,123~1,3,123
8,3,42~8,5,42
1,4,73~2,4,73
0,3,16~0,3,18
6,7,61~6,7,63
2,6,70~5,6,70
3,9,3~6,9,3
1,4,162~4,4,162
4,2,129~4,2,132
0,1,1~0,3,1
6,3,7~6,4,7
7,1,99~9,1,99
5,3,80~5,6,80
4,9,47~6,9,47
4,5,144~4,7,144
0,5,36~0,6,36
0,3,128~2,3,128
4,1,130~8,1,130
0,4,33~3,4,33
1,7,130~3,7,130
8,5,151~8,7,151
3,0,21~3,3,21
4,6,151~7,6,151
2,8,130~5,8,130
2,6,23~3,6,23
8,3,43~8,5,43
4,7,109~4,8,109
0,0,11~3,0,11
3,1,152~3,3,152
8,5,106~8,8,106
0,7,107~1,7,107
3,7,47~6,7,47
2,8,125~4,8,125
5,4,63~7,4,63
9,3,123~9,3,126
7,8,62~7,9,62
0,0,136~0,0,138
6,4,11~7,4,11
1,2,25~1,2,27
6,0,132~6,3,132
7,3,70~9,3,70
0,2,132~0,3,132
4,6,60~5,6,60
5,7,37~7,7,37
5,0,35~5,2,35
4,3,13~4,4,13
3,1,44~3,2,44
1,4,44~1,4,45
4,5,22~5,5,22
3,4,35~3,4,37
0,4,125~2,4,125
1,5,105~2,5,105
1,2,131~1,6,131
5,0,10~7,0,10
7,1,28~7,1,29
5,6,83~5,6,85
7,4,36~9,4,36
3,4,163~3,5,163
5,3,110~5,5,110
0,3,168~0,6,168
6,8,142~8,8,142
6,2,2~8,2,2
7,3,130~8,3,130
0,0,113~2,0,113
1,2,59~3,2,59
1,9,34~3,9,34
6,0,59~9,0,59
7,6,99~7,8,99
2,0,39~5,0,39
9,1,48~9,2,48
6,3,2~6,6,2
3,0,131~3,1,131
6,1,68~6,4,68
2,5,45~5,5,45
7,3,99~7,5,99
4,9,40~6,9,40
7,7,42~8,7,42
7,2,159~7,2,163
4,6,33~4,8,33
2,3,127~2,5,127
0,8,157~2,8,157
1,7,97~1,9,97
3,0,132~3,0,133
4,3,160~4,6,160
9,1,61~9,1,63
2,4,11~4,4,11
4,2,103~6,2,103
5,3,20~6,3,20
1,0,118~1,2,118
3,0,162~4,0,162
4,5,49~6,5,49
1,3,21~1,3,22
5,5,119~5,7,119
1,8,162~3,8,162
2,8,2~2,9,2
6,5,55~6,6,55
3,6,125~3,7,125
0,8,79~3,8,79
1,2,86~1,2,88
5,8,44~8,8,44
4,0,26~7,0,26
2,9,141~5,9,141
8,5,132~8,7,132
0,0,149~2,0,149
7,3,98~7,6,98
8,6,42~9,6,42
5,3,82~7,3,82
9,2,8~9,3,8
6,8,114~7,8,114
1,5,103~3,5,103
3,2,148~3,3,148
7,2,132~7,2,135
1,4,38~3,4,38
6,6,28~6,7,28
6,0,12~7,0,12
2,7,61~4,7,61
0,5,69~0,5,70
2,3,87~2,6,87
8,5,149~8,7,149
8,4,84~8,6,84
5,4,141~7,4,141
1,2,71~1,2,72
8,0,31~8,3,31
4,0,140~4,2,140
2,3,126~2,4,126
6,6,83~9,6,83
2,6,143~2,8,143
4,8,18~4,9,18
5,8,126~6,8,126
7,0,133~9,0,133
7,6,157~7,7,157
4,3,126~4,5,126
6,8,9~6,8,11
4,0,74~6,0,74
9,5,47~9,5,49
3,6,25~6,6,25
4,0,81~5,0,81
4,1,126~5,1,126
1,1,8~1,4,8
6,1,41~7,1,41
4,4,64~6,4,64
4,4,41~4,4,43
6,1,142~6,4,142
1,7,78~1,9,78
1,2,43~5,2,43
3,9,65~3,9,68
7,3,5~9,3,5
4,9,114~5,9,114
5,6,18~8,6,18
0,9,142~2,9,142
0,5,42~2,5,42
7,0,37~9,0,37
9,3,2~9,6,2
3,9,51~6,9,51
1,5,73~1,7,73
6,6,167~6,8,167
1,5,26~2,5,26
6,9,59~8,9,59
4,1,7~4,3,7
3,5,64~5,5,64
7,4,110~7,6,110
6,0,110~8,0,110
5,7,33~5,7,36
3,0,2~7,0,2
6,1,12~6,3,12
6,7,162~6,9,162
3,1,129~5,1,129
6,4,17~6,6,17
2,5,71~2,8,71
3,2,139~5,2,139
3,5,68~3,7,68
2,7,23~3,7,23
6,7,166~8,7,166
7,5,79~8,5,79
4,1,122~8,1,122
3,1,25~3,4,25
6,0,133~6,0,136
1,9,4~3,9,4
6,7,112~6,8,112
9,6,84~9,9,84
9,5,45~9,6,45
5,1,54~5,3,54
8,6,41~8,9,41
4,3,11~6,3,11
2,5,159~2,8,159
2,4,128~4,4,128
5,9,143~6,9,143
3,3,122~3,5,122
3,3,79~6,3,79
8,3,46~8,4,46
3,6,67~5,6,67
9,5,27~9,7,27
4,4,82~7,4,82
0,1,56~1,1,56
2,6,6~3,6,6
9,1,153~9,4,153
1,5,127~1,8,127
6,3,65~6,5,65
2,9,158~5,9,158
0,1,18~2,1,18
4,6,161~7,6,161
6,7,142~6,7,145
4,9,38~6,9,38
2,2,154~2,4,154
3,3,99~5,3,99
4,0,109~8,0,109
0,9,146~3,9,146
1,2,139~1,5,139
3,4,101~4,4,101
4,3,72~5,3,72
1,5,106~1,7,106
0,3,11~0,4,11
3,6,128~3,8,128
7,1,62~7,2,62
1,1,137~1,5,137
1,2,140~1,2,142
1,0,134~3,0,134
6,6,8~9,6,8
3,0,69~3,2,69
0,0,46~2,0,46
0,1,78~0,3,78
4,9,163~6,9,163
2,7,85~2,9,85
8,4,44~9,4,44
7,0,11~7,1,11
5,8,163~6,8,163
1,1,124~3,1,124
2,4,12~2,7,12
5,4,150~5,6,150
0,0,135~2,0,135
2,2,32~2,2,35
2,7,86~2,7,89
6,2,6~6,4,6
3,0,83~4,0,83
9,3,46~9,5,46
5,7,156~7,7,156
5,1,3~8,1,3
2,4,32~3,4,32
2,2,28~2,5,28
4,5,104~6,5,104
1,1,1~1,1,4
2,0,70~5,0,70
0,0,80~0,1,80
0,0,56~2,0,56
5,4,11~5,5,11
8,5,39~8,8,39
0,0,114~0,2,114
4,1,43~4,1,44
6,9,42~6,9,44
0,4,105~2,4,105
5,2,18~5,5,18
0,0,12~2,0,12
1,7,46~1,7,46
1,1,138~1,1,141
0,0,13~0,0,15
7,7,143~7,9,143
7,1,24~7,2,24
0,8,112~0,8,114
0,6,66~2,6,66
0,4,126~0,6,126
6,6,146~6,8,146
8,5,26~9,5,26
0,8,86~4,8,86
6,8,25~6,8,27
4,1,169~4,2,169
3,3,100~3,5,100
0,1,167~0,4,167
3,3,20~4,3,20
1,8,88~3,8,88
4,0,102~4,2,102
1,1,63~1,1,64
2,6,4~4,6,4
2,0,105~5,0,105
8,4,143~8,6,143
4,9,107~4,9,110
0,1,25~2,1,25
5,5,77~7,5,77
1,6,39~2,6,39
2,1,80~5,1,80
2,7,94~2,9,94
3,8,32~5,8,32
6,4,103~6,5,103
6,8,97~9,8,97
5,6,54~7,6,54
0,2,128~2,2,128
0,3,34~3,3,34
1,5,86~2,5,86
3,4,39~5,4,39
1,2,115~1,2,117
1,4,143~1,7,143
3,0,54~5,0,54
5,0,61~7,0,61
6,7,98~6,9,98
4,2,95~7,2,95
9,5,153~9,7,153
3,2,65~3,2,68
5,3,1~5,6,1
1,0,5~3,0,5
4,2,126~6,2,126
4,6,81~6,6,81
5,6,93~5,7,93
8,6,133~8,9,133
2,2,164~2,4,164
3,1,2~4,1,2
6,0,144~6,1,144
2,0,48~3,0,48
0,4,69~1,4,69
3,4,121~3,5,121
5,5,124~8,5,124
4,7,111~4,9,111
6,7,39~6,9,39
8,5,30~8,5,31
6,0,96~6,2,96
2,7,67~2,9,67
0,4,41~0,6,41
1,6,110~3,6,110
1,4,9~1,4,9
6,2,87~9,2,87
5,8,67~8,8,67
6,7,149~6,9,149
3,0,89~3,2,89
8,0,62~8,1,62
7,8,85~9,8,85
7,7,122~7,9,122
6,4,18~8,4,18
8,0,82~9,0,82
4,0,141~4,2,141
0,4,7~0,4,8
0,1,35~0,3,35
9,4,85~9,6,85
4,1,158~4,3,158
5,4,34~8,4,34
4,6,58~6,6,58
5,4,75~5,4,77
7,2,71~7,4,71
3,0,41~5,0,41
3,1,38~3,1,38
5,4,41~5,6,41
4,7,31~4,9,31
6,7,76~8,7,76
7,4,91~7,5,91
0,1,153~3,1,153
4,6,146~5,6,146
4,3,159~6,3,159
5,2,98~5,4,98
1,5,24~4,5,24
7,8,47~8,8,47
0,9,87~2,9,87
5,5,26~5,7,26
5,2,161~5,2,161
3,8,8~5,8,8
6,4,165~6,5,165
1,1,122~1,4,122
7,6,142~8,6,142
3,9,113~5,9,113
7,8,63~9,8,63
2,0,166~2,3,166
5,2,73~5,3,73
2,1,150~4,1,150
2,3,32~4,3,32
4,1,33~4,3,33
5,0,147~7,0,147
4,0,161~4,2,161
3,8,2~3,8,4
5,8,111~6,8,111
3,1,8~4,1,8
5,5,24~7,5,24
3,5,33~5,5,33
3,7,76~3,8,76
5,2,129~7,2,129
1,3,102~4,3,102
6,2,89~6,4,89
5,5,38~5,7,38
4,4,146~7,4,146
7,8,23~8,8,23
4,3,4~6,3,4
2,5,1~4,5,1
8,2,104~8,5,104
8,8,42~9,8,42
5,0,9~7,0,9
3,6,111~3,8,111
7,2,73~8,2,73
6,3,78~6,6,78
3,6,84~3,6,85
8,6,117~9,6,117
3,7,112~3,9,112
4,1,124~4,4,124
1,7,39~1,9,39
0,4,45~0,7,45
4,8,4~5,8,4
7,5,147~8,5,147
6,3,31~7,3,31
5,8,123~7,8,123
3,5,150~3,8,150
8,9,63~9,9,63
3,9,88~5,9,88
8,8,98~8,8,99
2,3,68~2,5,68
0,1,77~0,3,77
5,9,150~7,9,150
2,9,64~5,9,64
6,5,4~7,5,4
2,1,156~2,4,156
5,4,33~7,4,33
3,5,101~3,8,101
1,3,136~1,6,136
9,2,10~9,3,10
3,7,32~5,7,32
2,1,149~3,1,149
1,7,156~1,8,156
2,0,78~2,1,78
3,6,161~3,8,161
6,5,125~6,8,125
0,2,21~1,2,21
4,5,82~4,7,82
4,4,122~5,4,122
3,7,138~5,7,138
0,5,28~0,6,28
6,4,8~6,4,10
7,6,127~7,6,128
5,2,83~5,3,83
4,3,105~4,6,105
6,2,24~6,3,24
3,6,124~3,9,124
1,1,37~4,1,37
2,0,114~2,0,116
0,4,165~3,4,165
4,3,143~7,3,143
0,3,33~2,3,33
7,1,1~7,4,1
7,0,3~9,0,3
0,5,127~0,6,127
4,2,8~7,2,8
0,3,15~3,3,15
7,4,152~7,7,152
4,9,49~6,9,49
0,8,34~1,8,34
4,0,36~8,0,36
7,9,5~9,9,5
5,1,90~6,1,90
5,5,82~5,7,82
1,6,71~1,8,71
2,7,31~2,7,32
5,6,23~5,8,23
5,6,31~5,7,31
6,0,71~6,0,73
6,7,85~8,7,85
0,6,128~0,7,128
2,3,30~2,5,30
4,0,42~4,2,42
2,6,64~2,8,64
7,0,164~7,3,164
6,3,133~6,5,133
8,4,133~9,4,133
2,1,91~3,1,91
5,9,144~5,9,145
5,7,109~6,7,109
6,4,92~7,4,92
2,2,23~2,5,23
6,2,152~6,4,152
2,5,53~2,6,53
9,6,116~9,9,116
6,3,166~6,5,166
3,3,167~4,3,167
6,4,75~6,7,75
0,9,39~0,9,41
5,8,76~5,9,76
6,4,70~6,4,73
9,2,144~9,5,144
4,1,104~7,1,104
1,7,35~1,9,35
1,7,22~1,9,22
0,5,6~0,8,6
5,1,61~8,1,61
7,4,35~7,5,35
2,3,1~2,3,2
7,8,21~9,8,21
2,0,4~2,2,4
1,7,66~3,7,66
1,5,33~1,8,33
7,3,166~7,6,166
3,1,166~3,3,166
1,6,1~1,6,2
5,0,124~5,3,124
5,1,161~7,1,161
2,7,46~2,8,46
9,5,105~9,7,105
7,6,80~8,6,80
1,6,67~2,6,67
7,3,64~7,5,64
9,2,107~9,2,110
1,3,152~1,6,152
2,4,74~2,5,74
5,6,42~7,6,42
3,6,15~3,6,19
3,2,88~6,2,88
7,6,19~7,8,19
6,2,70~9,2,70
7,5,126~7,6,126
7,4,165~7,7,165
5,1,89~5,4,89
5,3,74~5,4,74
3,7,153~3,9,153
2,0,9~2,3,9
0,1,115~0,1,117
6,4,29~6,6,29
7,8,109~7,8,111
1,9,23~2,9,23
7,6,9~7,6,11
1,1,145~1,4,145
3,6,140~3,8,140
0,3,29~3,3,29
5,5,155~5,7,155
4,7,2~4,9,2
9,3,3~9,5,3
4,8,164~6,8,164
9,0,150~9,2,150
0,2,68~0,5,68
2,7,14~5,7,14
4,3,151~6,3,151
4,4,163~4,5,163
7,8,1~9,8,1
4,1,1~4,2,1
9,5,143~9,7,143
2,9,95~4,9,95
6,4,91~6,6,91
0,8,43~2,8,43
1,5,155~1,7,155
6,6,93~6,8,93
5,7,126~6,7,126
4,0,67~4,3,67
0,6,5~0,8,5
7,0,32~7,1,32
1,0,119~1,1,119
1,8,73~4,8,73
3,8,74~5,8,74
9,6,111~9,8,111
2,6,84~2,7,84
0,3,63~0,3,65
6,0,103~9,0,103
6,6,148~6,9,148
0,4,106~0,5,106
1,9,90~4,9,90
6,1,44~6,1,46
0,5,161~2,5,161
1,6,142~3,6,142
5,3,21~5,5,21
7,1,68~7,3,68
7,4,125~7,6,125
1,4,17~1,4,19
0,9,68~2,9,68
1,4,43~1,6,43
8,5,99~8,5,101
0,6,4~0,9,4
5,4,132~8,4,132
3,3,117~5,3,117
4,2,148~4,4,148
6,7,29~7,7,29
8,4,150~8,6,150
0,9,38~2,9,38
5,6,39~7,6,39
0,0,77~2,0,77
4,8,101~4,8,103
2,6,140~2,9,140
3,2,63~3,5,63
5,2,118~7,2,118
0,3,153~2,3,153
3,2,101~7,2,101
5,3,53~5,6,53
0,1,148~3,1,148
1,6,38~1,8,38
5,7,28~5,8,28
0,8,111~2,8,111
9,7,1~9,7,4
2,7,90~2,7,93
8,1,49~9,1,49
8,7,122~9,7,122
4,1,34~4,1,36
5,5,140~5,6,140
2,5,85~2,6,85
6,5,5~6,7,5
3,3,119~3,5,119
2,5,112~2,7,112
6,0,70~6,1,70
8,2,115~8,5,115
7,8,107~9,8,107
5,6,137~6,6,137
6,7,8~9,7,8
4,6,145~4,9,145
1,8,7~3,8,7
2,3,37~2,3,38
9,2,106~9,5,106
4,9,89~5,9,89
5,3,125~5,5,125
0,2,76~0,3,76
6,1,71~6,2,71
3,2,64~4,2,64
5,0,148~5,1,148
2,2,161~2,2,163
6,0,60~6,3,60
6,9,158~6,9,161
6,7,17~6,7,19
7,0,151~9,0,151
8,5,57~8,5,58
0,0,81~2,0,81
2,2,6~2,2,8
6,1,22~6,1,25
8,2,33~8,3,33
8,7,43~8,8,43
3,2,99~6,2,99
8,0,51~9,0,51
9,2,119~9,5,119
1,6,159~1,9,159
6,7,38~8,7,38
7,5,78~9,5,78
1,0,8~4,0,8
3,5,16~4,5,16
4,6,79~8,6,79
4,1,136~4,2,136
9,7,51~9,9,51
4,1,55~6,1,55
1,1,62~3,1,62
7,4,24~8,4,24
8,4,7~8,7,7
1,2,156~1,2,156
3,4,10~3,5,10
3,5,123~3,6,123
6,8,94~6,8,96
3,5,79~5,5,79
0,6,42~0,8,42
8,6,2~8,9,2
7,6,141~7,8,141
1,2,70~4,2,70
5,4,144~5,5,144
8,3,45~8,6,45
6,5,57~6,7,57
7,1,25~9,1,25
7,7,49~7,7,51
1,1,166~1,3,166
9,2,6~9,4,6
0,4,6~2,4,6
3,0,151~3,2,151
8,2,1~8,4,1
8,3,32~8,3,32
4,4,65~4,7,65
1,8,1~4,8,1
7,1,111~9,1,111
8,1,88~8,3,88
0,3,154~1,3,154
4,6,92~6,6,92
9,4,118~9,6,118
2,5,128~2,5,130
6,6,21~9,6,21
5,6,29~5,7,29
1,3,53~1,5,53
0,3,85~0,5,85
2,4,133~2,4,133
2,3,18~2,5,18
0,7,96~2,7,96
4,0,128~7,0,128
2,6,40~2,6,43
5,2,36~5,2,37
5,0,31~5,2,31
4,7,83~4,7,84
5,5,109~9,5,109
5,7,120~7,7,120
1,2,155~4,2,155
6,6,7~6,8,7
2,3,82~2,5,82
6,6,99~6,7,99
2,1,79~3,1,79
8,9,62~9,9,62
4,0,82~6,0,82
1,6,108~1,8,108
4,8,140~7,8,140
3,8,5~6,8,5
7,8,20~9,8,20
0,0,111~3,0,111
2,0,3~4,0,3
2,5,66~3,5,66
6,4,90~7,4,90
3,6,168~6,6,168
6,0,76~6,0,78
6,0,79~8,0,79
7,5,30~7,7,30
8,2,153~8,2,155
4,4,55~4,6,55
4,5,106~4,5,109
4,9,152~6,9,152
1,4,133~1,4,135
1,9,1~3,9,1
7,2,4~9,2,4
2,1,63~2,1,65
2,8,6~3,8,6
0,0,55~0,2,55
7,9,1~7,9,2
1,2,85~1,3,85
6,7,6~8,7,6
5,7,137~7,7,137
1,8,77~4,8,77
7,7,83~8,7,83
7,2,131~7,4,131
1,0,24~1,2,24
2,2,31~2,5,31
4,6,35~4,8,35
3,5,78~5,5,78
0,5,107~1,5,107
4,7,140~6,7,140
1,2,138~2,2,138
0,2,165~3,2,165
8,1,135~8,4,135
6,9,151~8,9,151
4,4,54~6,4,54
0,6,110~0,8,110
1,6,34~2,6,34
1,5,32~3,5,32
0,4,166~0,6,166
4,0,50~4,0,53
6,5,1~9,5,1
7,0,104~9,0,104
1,7,74~2,7,74
5,1,19~5,1,22
5,1,143~7,1,143
6,5,144~8,5,144
7,1,69~7,1,71
9,7,9~9,7,11
1,5,4~1,6,4
2,7,108~5,7,108
0,2,17~3,2,17
6,5,6~6,5,7
6,1,5~6,3,5
7,0,31~7,2,31
3,2,80~3,4,80
7,7,125~7,9,125
0,7,144~2,7,144
5,2,96~5,4,96
7,2,69~7,5,69
6,8,119~6,9,119
4,0,75~7,0,75
5,5,105~7,5,105
3,5,9~7,5,9
0,7,158~0,9,158
3,6,87~3,9,87
5,2,104~7,2,104
6,8,45~8,8,45
1,1,65~1,1,68
2,0,104~2,1,104
5,7,141~5,8,141
5,9,45~7,9,45
7,0,33~7,2,33
0,6,153~2,6,153
7,9,65~7,9,66
4,5,85~6,5,85
5,9,46~7,9,46
3,3,143~3,6,143
7,6,131~9,6,131
1,8,98~2,8,98
3,7,162~3,7,164
1,0,39~1,3,39
2,3,54~2,6,54
3,7,69~3,7,72
0,3,79~1,3,79
3,4,44~6,4,44
3,2,157~5,2,157
5,1,107~5,4,107
1,7,37~1,9,37
8,2,86~8,3,86
3,5,104~3,7,104
0,1,62~0,1,64
4,1,121~4,4,121
1,2,16~1,5,16
3,2,158~3,4,158
3,5,17~5,5,17
2,9,39~2,9,40
0,5,1~0,5,3
0,2,52~0,3,52
6,8,113~6,9,113
2,7,68~2,7,68
7,0,42~7,1,42
0,8,92~0,9,92
6,3,67~7,3,67
4,3,161~5,3,161
5,9,157~7,9,157
0,4,34~0,6,34
1,7,145~1,9,145
6,6,87~6,9,87
1,2,40~1,4,40
1,7,128~2,7,128
1,4,28~1,6,28
2,0,71~2,3,71
5,4,40~7,4,40
2,7,79~4,7,79
1,3,14~4,3,14
7,8,35~7,8,35
2,8,36~4,8,36
4,5,29~5,5,29
5,7,12~9,7,12
5,0,27~8,0,27
6,0,107~6,1,107
5,9,41~6,9,41
0,1,60~0,3,60
1,4,151~4,4,151
8,0,113~8,3,113
4,1,133~4,3,133
5,9,153~5,9,156
5,3,118~5,5,118
6,5,16~6,8,16
2,3,129~3,3,129
6,0,37~6,0,39
8,2,74~8,3,74
1,6,21~1,7,21
8,4,124~8,4,127
2,3,101~3,3,101
7,6,101~7,8,101
4,6,147~4,6,149
9,4,86~9,6,86
0,0,57~1,0,57
7,2,158~7,5,158
8,0,38~8,1,38
2,1,128~5,1,128
2,6,27~2,6,29
3,0,1~6,0,1
9,2,88~9,2,91
6,3,97~9,3,97
1,8,112~1,8,113
1,0,27~4,0,27
0,5,55~2,5,55
9,2,111~9,4,111
1,5,128~1,5,130
3,6,21~5,6,21
4,2,39~6,2,39
9,2,101~9,3,101
0,4,154~0,6,154
1,0,76~4,0,76
2,5,131~2,5,133
4,4,12~4,6,12
9,6,28~9,8,28
3,1,18~6,1,18
3,2,118~3,5,118
3,6,127~3,9,127
7,5,108~7,8,108
4,7,60~4,9,60
4,3,150~4,6,150
0,2,159~3,2,159
4,6,13~6,6,13
0,2,160~4,2,160
8,4,28~8,6,28
4,8,41~5,8,41
0,7,145~0,7,147
6,8,170~6,9,170
6,3,43~6,3,45
8,2,124~8,2,125
9,6,13~9,7,13
5,0,85~7,0,85
4,3,170~5,3,170
1,6,126~3,6,126
9,7,125~9,9,125
0,6,130~0,7,130
9,0,112~9,1,112
2,3,81~4,3,81
2,7,45~2,7,45
1,0,6~3,0,6
2,3,135~4,3,135
4,1,71~4,3,71
2,6,95~2,7,95
3,4,15~5,4,15
5,8,33~8,8,33
4,8,100~7,8,100
7,6,31~8,6,31
7,0,66~8,0,66
1,2,62~2,2,62
6,2,21~6,3,21
5,5,42~5,5,42
6,6,60~6,9,60
2,3,169~4,3,169
4,5,8~7,5,8
8,4,108~8,5,108
5,6,139~5,8,139
7,2,44~9,2,44
3,7,67~3,8,67
6,7,102~6,8,102
4,1,6~7,1,6
6,7,58~6,9,58
1,5,153~2,5,153
3,3,141~3,6,141
4,3,40~4,5,40
6,3,26~6,5,26
9,4,121~9,7,121
8,4,8~8,4,9
7,0,81~8,0,81
8,4,128~8,5,128
8,3,71~8,3,72
6,9,153~9,9,153
6,9,61~9,9,61
6,9,6~8,9,6
4,9,37~6,9,37
5,3,123~5,5,123
5,5,153~7,5,153
3,9,154~3,9,155
2,2,139~2,2,142
2,3,36~2,6,36
2,8,149~4,8,149
2,6,141~2,7,141
2,5,106~2,7,106
5,5,86~5,5,89
7,4,58~7,6,58
8,3,67~8,6,67
0,6,67~0,6,68
7,3,133~7,4,133
2,6,83~4,6,83
2,7,109~2,9,109
9,0,145~9,2,145
6,1,83~6,4,83
3,0,147~3,3,147
5,2,34~7,2,34
6,5,107~8,5,107
5,8,1~5,8,3
7,6,153~7,7,153
3,4,47~3,6,47
9,2,9~9,3,9
0,0,1~2,0,1
4,3,157~7,3,157
0,6,40~1,6,40
1,0,41~2,0,41
9,2,152~9,4,152
5,3,81~5,4,81
5,0,84~5,2,84
7,4,120~9,4,120
7,6,22~7,9,22
2,2,5~2,5,5
7,2,119~7,3,119
5,6,6~7,6,6
6,3,84~6,6,84
5,5,46~5,5,48
8,5,103~9,5,103
9,9,111~9,9,115
1,7,114~1,8,114
9,0,71~9,2,71
1,1,38~1,3,38
4,3,56~4,3,56
6,7,86~6,8,86
3,3,5~4,3,5
4,8,146~4,9,146
6,7,9~6,7,10
2,0,42~2,0,45
7,2,23~7,5,23
0,3,73~2,3,73
3,7,30~5,7,30
7,9,64~9,9,64
5,0,132~5,2,132
9,7,52~9,8,52
6,5,10~9,5,10
4,1,105~6,1,105
3,7,114~3,9,114
1,1,90~4,1,90
8,4,25~8,6,25
1,3,74~2,3,74
8,0,123~8,4,123
6,1,34~8,1,34
3,5,15~6,5,15
7,1,39~8,1,39
1,0,154~1,1,154
2,2,115~5,2,115
0,1,149~0,2,149
6,1,127~6,4,127
1,0,7~1,1,7
5,5,28~6,5,28
0,3,53~0,4,53
6,0,108~6,3,108
6,6,12~9,6,12
9,8,29~9,9,29
3,4,152~3,4,153
2,5,144~3,5,144
1,2,114~4,2,114
2,0,40~4,0,40
6,8,34~7,8,34
9,0,1~9,1,1
2,4,17~3,4,17
7,9,152~8,9,152
6,8,3~8,8,3
2,1,17~4,1,17
6,7,97~8,7,97
8,2,29~8,4,29
4,8,24~6,8,24
1,1,60~3,1,60
5,9,77~5,9,79
8,7,9~8,7,10
0,2,62~0,3,62
4,0,127~4,2,127
0,6,50~1,6,50
0,8,146~1,8,146
4,2,134~4,2,135
2,2,47~2,4,47
2,5,145~4,5,145
4,0,25~4,3,25
4,7,147~4,9,147
4,1,151~6,1,151
2,1,113~2,4,113
0,6,108~0,9,108
5,0,160~5,3,160
8,7,144~8,8,144
3,0,26~3,1,26
7,0,58~7,3,58
3,5,80~3,6,80
1,7,72~1,9,72
6,1,1~6,3,1
5,2,152~5,3,152
8,1,107~8,3,107
6,0,146~6,2,146
2,4,21~2,6,21
6,1,19~6,1,21
5,5,50~5,5,52
5,4,27~5,7,27
2,9,128~4,9,128
3,3,83~3,5,83
4,5,153~4,7,153
5,3,10~5,6,10
3,0,100~3,2,100
1,6,80~1,6,82
8,4,148~8,7,148
5,5,3~7,5,3
5,8,9~5,8,11
6,9,114~6,9,117
5,7,48~8,7,48
0,8,90~2,8,90
4,4,34~4,7,34
6,5,142~9,5,142
1,3,124~1,4,124
6,6,88~8,6,88
7,0,129~9,0,129
6,5,141~6,7,141
1,3,84~3,3,84
4,7,78~4,8,78
1,9,36~4,9,36
3,5,129~3,8,129
0,4,42~0,4,44
8,0,52~8,2,52
0,5,35~2,5,35
4,1,125~4,3,125
5,0,40~5,1,40
5,0,137~5,2,137
5,4,137~5,4,140
6,6,101~6,8,101
1,7,44~1,7,45
1,4,154~1,6,154
1,2,10~3,2,10
0,4,145~0,5,145
4,3,55~5,3,55
6,8,8~8,8,8
2,8,25~4,8,25
2,2,81~4,2,81
9,2,49~9,3,49
3,7,154~4,7,154
1,8,45~1,8,46
5,3,129~5,3,129
2,0,148~4,0,148
0,5,155~0,7,155
4,5,66~4,6,66
1,2,60~1,2,61
5,4,35~5,6,35
7,5,130~9,5,130
0,3,61~2,3,61
0,5,29~0,7,29
9,4,145~9,6,145
7,3,6~7,3,9
7,2,57~7,5,57
0,3,37~0,3,39
8,7,84~8,7,84
3,2,90~5,2,90
2,5,13~2,7,13
8,6,82~8,8,82
5,5,127~5,7,127
1,4,34~3,4,34
4,6,59~4,7,59
3,9,32~3,9,33
0,1,57~0,3,57
2,4,166~2,6,166
5,4,65~5,6,65
0,1,9~0,4,9
3,3,123~3,3,124
3,4,62~5,4,62
4,2,117~6,2,117
4,4,123~4,6,123
1,7,75~4,7,75
8,5,129~8,7,129
5,5,66~5,8,66
1,1,120~4,1,120
5,0,13~7,0,13
0,1,36~0,3,36
1,4,25~1,6,25
0,5,52~2,5,52
5,1,106~8,1,106
1,6,92~1,9,92
0,6,129~0,8,129
2,3,72~2,4,72
2,1,103~5,1,103
0,7,43~2,7,43
1,4,104~1,6,104
8,0,152~8,3,152
6,6,152~6,8,152
6,9,4~8,9,4
3,0,7~6,0,7
0,6,109~3,6,109
5,0,80~7,0,80
0,1,59~2,1,59
4,1,145~7,1,145
5,1,97~5,3,97
1,7,160~4,7,160
6,3,3~6,4,3
5,0,38~5,2,38
7,5,146~9,5,146
4,2,40~6,2,40
3,6,22~5,6,22
7,6,109~8,6,109
0,3,75~1,3,75
1,3,69~3,3,69
0,6,52~0,6,55
7,4,147~9,4,147
8,8,143~9,8,143
8,5,29~8,7,29
3,7,152~5,7,152
3,2,82~3,4,82
5,1,136~5,4,136
2,5,65~2,7,65
5,1,26~7,1,26
8,1,53~8,4,53
3,2,128~5,2,128
2,0,106~2,0,110
6,1,69~6,4,69
7,1,88~7,3,88
8,5,105~8,7,105
8,1,154~9,1,154
0,9,5~0,9,5
7,5,59~7,5,61
0,5,97~0,7,97
1,9,86~2,9,86
8,6,130~8,8,130
5,1,2~6,1,2
3,4,5~3,6,5
8,2,19~8,4,19
9,7,154~9,7,156
8,7,46~8,8,46
5,0,145~7,0,145
1,5,132~1,7,132
3,8,9~4,8,9
1,5,79~1,7,79
3,3,48~3,5,48
3,0,42~3,0,43
5,2,32~5,4,32
6,4,4~8,4,4
2,0,112~2,2,112
4,2,156~4,3,156
7,1,72~7,3,72
3,5,102~6,5,102
